35
20
m 0 19
0 34 0
1 0 0
2 34 19
w 0 9
w 0 10
w 1 1
w 1 2
w 1 4
w 1 5
w 1 6
w 1 7
w 1 9
w 1 10
w 1 12
w 1 13
w 1 14
w 1 16
w 1 17
w 1 18
w 2 1
w 2 2
w 2 4
w 2 5
w 2 6
w 2 7
w 2 9
w 2 10
w 2 18
w 3 1
w 3 2
w 3 4
w 3 5
w 3 12
w 3 14
w 3 16
w 3 18
w 4 1
w 4 2
w 4 4
w 4 5
w 4 7
w 4 9
w 4 10
w 4 12
w 4 14
w 4 16
w 4 18
w 5 1
w 5 2
w 5 7
w 5 9
w 5 10
w 5 12
w 5 14
w 5 16
w 5 18
w 6 1
w 6 2
w 6 4
w 6 5
w 6 7
w 6 12
w 6 14
w 6 16
w 6 18
w 7 4
w 7 5
w 7 7
w 7 8
w 7 10
w 7 12
w 7 14
w 7 16
w 8 1
w 8 2
w 8 4
w 8 5
w 8 7
w 8 8
w 8 10
w 8 12
w 8 16
w 8 18
w 9 1
w 9 8
w 9 10
w 9 12
w 9 14
w 9 16
w 9 18
w 10 1
w 10 3
w 10 4
w 10 6
w 10 8
w 10 10
w 10 12
w 10 14
w 10 16
w 10 18
w 11 1
w 11 3
w 11 4
w 11 6
w 11 14
w 11 16
w 11 18
w 12 1
w 12 3
w 12 4
w 12 6
w 12 8
w 12 9
w 12 10
w 12 11
w 12 12
w 12 14
w 12 18
w 13 1
w 13 6
w 13 14
w 13 16
w 13 18
w 14 1
w 14 3
w 14 5
w 14 6
w 14 8
w 14 10
w 14 12
w 14 14
w 14 16
w 14 18
w 15 1
w 15 3
w 15 5
w 15 6
w 15 8
w 15 10
w 15 12
w 15 14
w 15 16
w 15 18
w 16 3
w 16 5
w 16 6
w 16 8
w 16 10
w 16 12
w 17 0
w 17 1
w 17 2
w 17 3
w 17 8
w 17 12
w 17 13
w 17 15
w 17 16
w 17 18
w 17 19
w 18 3
w 18 5
w 18 6
w 18 8
w 18 10
w 18 12
w 19 1
w 19 3
w 19 5
w 19 6
w 19 8
w 19 10
w 19 12
w 19 14
w 19 16
w 19 18
w 20 1
w 20 3
w 20 5
w 20 6
w 20 8
w 20 10
w 20 12
w 20 14
w 20 16
w 20 18
w 21 1
w 21 6
w 21 14
w 21 16
w 21 18
w 22 1
w 22 3
w 22 4
w 22 6
w 22 8
w 22 9
w 22 10
w 22 11
w 22 12
w 22 14
w 22 18
w 23 1
w 23 3
w 23 4
w 23 6
w 23 14
w 23 16
w 23 18
w 24 1
w 24 3
w 24 4
w 24 6
w 24 8
w 24 10
w 24 12
w 24 14
w 24 16
w 24 18
w 25 1
w 25 8
w 25 10
w 25 12
w 25 14
w 25 16
w 25 18
w 26 1
w 26 2
w 26 4
w 26 5
w 26 7
w 26 8
w 26 10
w 26 12
w 26 16
w 26 18
w 27 4
w 27 5
w 27 7
w 27 8
w 27 10
w 27 12
w 27 14
w 27 16
w 28 1
w 28 2
w 28 4
w 28 5
w 28 7
w 28 12
w 28 14
w 28 16
w 28 18
w 29 1
w 29 2
w 29 7
w 29 9
w 29 10
w 29 12
w 29 14
w 29 16
w 29 18
w 30 1
w 30 2
w 30 4
w 30 5
w 30 7
w 30 9
w 30 10
w 30 12
w 30 14
w 30 16
w 30 18
w 31 1
w 31 2
w 31 4
w 31 5
w 31 12
w 31 14
w 31 16
w 31 18
w 32 1
w 32 2
w 32 4
w 32 5
w 32 6
w 32 7
w 32 9
w 32 10
w 32 18
w 33 1
w 33 2
w 33 4
w 33 5
w 33 6
w 33 7
w 33 9
w 33 10
w 33 12
w 33 13
w 33 14
w 33 16
w 33 17
w 33 18
w 34 9
w 34 10
p 7 17
p 22 17
p 30 0
p 14 13
p 5 19
p 13 8
p 29 4
p 13 17
p 21 0
p 21 9
p 27 6
p 3 6
p 19 2
p 3 15
p 19 11
p 11 7
p 1 8
p 34 5
p 34 14
p 17 7
p 9 3
p 0 0
p 15 0
p 32 16
p 33 15
p 15 9
p 6 6
p 25 11
p 16 17
p 32 19
p 31 8
p 22 5
p 31 17
p 23 13
p 30 6
p 14 19
p 13 5
p 29 13
p 3 3
p 20 19
p 12 15
p 28 11
p 4 11
p 27 15
p 10 17
p 18 0
p 26 13
p 2 13
p 18 9
p 18 18
p 34 2
p 34 11
p 17 4
p 9 0
p 9 9
p 33 3
p 24 0
p 32 13
p 8 13
p 24 9
p 7 2
p 0 18
p 25 17
p 16 14
p 7 11
p 22 2
p 6 15
p 23 10
p 14 7
p 5 4
p 23 19
p 5 13
p 13 2
p 30 15
p 13 11
p 20 7
p 3 0
p 29 19
p 21 15
p 3 9
p 4 8
p 27 3
p 4 17
p 10 5
p 19 17
p 1 11
p 11 13
p 2 19
p 33 0
p 0 6
p 25 5
p 8 19
p 16 2
p 0 15
p 6 3
p 15 15
p 31 11
p 23 7
p 14 4
p 30 3
p 20 4
p 21 3
p 12 0
p 20 13
p 21 12
p 27 0
p 27 9
p 28 8
p 10 2
p 27 18
p 28 17
p 10 11
p 11 10
p 11 19
p 2 16
p 26 19
p 18 15
p 34 8
p 34 17
p 17 10
p 9 6
p 0 3
p 25 2
p 9 15
p 0 12
p 6 0
p 24 15
p 6 9
p 16 11
t 1750 0
m 0 19
0 34 1
1 1 0
2 33 19
t 1749 0.0
m 1 19
0 34 2
1 2 0
2 34 19
t 1748 0.0
m 1 19
0 34 1
1 3 0
2 33 19
t 1747 0.0
m 1 19
0 34 2
1 2 0
2 34 19
t 1746 0.0
m 2 19
0 34 3
1 1 0
2 33 19
t 1745 0.7751937984496124
m 2 19
0 33 3
1 2 0
2 32 19
t 1744 0.7751937984496124
m 1 19
0 34 3
1 3 0
2 31 19
t 1743 0.7751937984496124
m 0 19
0 34 4
1 2 0
2 30 19
t 1742 0.7751937984496124
m 0 19
0 34 5
1 1 0
2 29 19
t 1741 0.7751937984496124
m 0 18
0 34 4
1 0 0
2 30 19
t 1740 1.550387596899225
m 0 19
0 34 3
1 1 0
2 29 19
t 1739 1.550387596899225
m 1 19
0 33 3
1 2 0
2 28 19
t 1738 1.550387596899225
m 1 19
0 34 3
1 1 0
2 29 19
t 1737 1.550387596899225
m 1 19
0 34 2
1 0 0
2 28 19
t 1736 1.550387596899225
m 0 19
0 34 1
1 1 0
2 27 19
t 1735 1.550387596899225
m 1 19
0 34 0
1 0 0
2 26 19
t 1734 1.550387596899225
m 1 19
0 33 0
1 0 1
2 27 19
t 1733 1.550387596899225
m 2 19
0 32 0
1 0 0
2 28 19
t 1732 1.550387596899225
m 3 19
0 31 0
1 0 1
2 27 19
t 1731 1.550387596899225
m 4 19
0 32 0
1 0 2
2 28 19
t 1730 1.550387596899225
m 5 19
0 33 0
1 0 3
2 27 19
t 1729 2.3255813953488373
m 5 19
0 34 0
1 0 2
2 27 18
t 1728 2.3255813953488373
m 4 19
0 34 1
1 0 3
2 27 17
t 1727 2.3255813953488373
m 5 19
0 34 2
1 0 2
2 26 17
t 1726 2.3255813953488373
m 4 19
0 34 1
1 0 1
2 27 17
t 1725 2.3255813953488373
m 4 19
0 34 0
1 0 0
2 27 18
t 1724 2.3255813953488373
m 4 19
0 34 1
1 0 1
2 27 19
t 1723 2.3255813953488373
m 4 19
0 34 2
1 0 2
2 28 19
t 1722 2.3255813953488373
m 4 19
0 34 1
1 0 3
2 29 19
t 1721 2.3255813953488373
m 5 19
0 34 0
1 0 4
2 30 19
t 1720 2.3255813953488373
m 6 19
0 34 1
1 0 5
2 31 19
t 1719 2.3255813953488373
m 6 19
0 34 0
1 0 6
2 30 19
t 1718 2.3255813953488373
m 7 19
0 33 0
1 0 5
2 31 19
t 1717 2.3255813953488373
m 7 19
0 32 0
1 0 6
2 30 19
t 1716 2.3255813953488373
m 8 19
0 31 0
1 0 7
2 29 19
t 1715 3.10077519379845
m 7 19
0 30 0
1 0 8
2 30 19
t 1714 3.10077519379845
m 6 19
0 31 0
1 0 7
2 31 19
t 1713 3.10077519379845
m 7 19
0 30 0
1 0 8
2 30 19
t 1712 3.10077519379845
m 6 19
0 29 0
1 0 7
2 29 19
t 1711 3.10077519379845
m 7 19
0 28 0
1 0 6
2 28 19
t 1710 3.10077519379845
m 7 18
0 27 0
1 0 7
2 27 19
t 1709 3.10077519379845
m 7 18
0 26 0
1 0 8
2 28 19
t 1708 3.10077519379845
m 7 17
0 25 0
1 1 8
2 27 19
t 1707 3.875968992248062
m 8 17
0 26 0
1 0 8
2 27 18
t 1706 3.875968992248062
m 9 17
0 25 0
1 0 7
2 27 17
t 1705 3.875968992248062
m 9 17
0 26 0
1 0 6
2 28 17
t 1704 3.875968992248062
m 9 17
0 25 0
1 0 7
2 29 17
t 1703 3.875968992248062
m 10 17
0 24 0
1 0 8
2 28 17
t 1702 4.651162790697675
m 11 17
0 25 0
1 0 7
2 27 17
t 1701 4.651162790697675
m 12 17
0 26 0
1 0 6
2 28 17
t 1700 4.651162790697675
m 12 16
0 27 0
1 0 7
2 27 17
t 1699 4.651162790697675
m 12 15
0 26 0
1 0 6
2 28 17
t 1698 5.426356589147287
m 13 15
0 27 0
1 0 7
2 27 17
t 1697 5.426356589147287
m 13 15
0 28 0
1 0 8
2 27 18
t 1696 5.426356589147287
m 13 15
0 27 0
1 1 8
2 27 17
t 1695 5.426356589147287
m 13 15
0 28 0
1 2 8
2 26 17
t 1694 5.426356589147287
m 14 15
0 27 0
1 1 8
2 25 17
t 1693 5.426356589147287
m 15 15
0 28 0
1 0 8
2 24 17
t 1692 6.2015503875969
m 14 15
0 29 0
1 1 8
2 25 17
t 1691 6.2015503875969
m 13 15
0 28 0
1 0 8
2 24 17
t 1690 6.2015503875969
m 13 15
0 27 0
1 1 8
2 25 17
t 1689 6.2015503875969
m 12 15
0 28 0
1 0 8
2 24 17
t 1688 6.2015503875969
m 12 16
0 29 0
1 0 7
2 25 17
t 1687 6.2015503875969
m 12 17
0 28 0
1 0 8
2 24 17
t 1686 6.2015503875969
m 12 17
0 27 0
1 0 7
2 23 17
t 1685 6.2015503875969
m 12 17
0 27 1
1 0 8
2 22 17
t 1684 6.2015503875969
m 11 17
0 27 0
1 1 8
2 23 17
t 1683 6.2015503875969
m 12 17
0 28 0
1 0 8
2 22 17
t 1682 6.2015503875969
m 13 17
0 27 0
1 1 8
2 23 17
t 1681 6.976744186046512
m 14 17
0 28 0
1 0 8
2 24 17
t 1680 6.976744186046512
m 14 17
0 27 0
1 0 7
2 25 17
t 1679 6.976744186046512
m 15 17
0 26 0
1 0 8
2 24 17
t 1678 6.976744186046512
m 15 17
0 25 0
1 1 8
2 25 17
t 1677 6.976744186046512
m 15 17
0 26 0
1 0 8
2 24 17
f 34 19
t 1676 6.976744186046512
m 15 17
0 27 0
1 0 7
2 23 17
t 1675 6.976744186046512
m 15 17
0 28 0
1 0 6
2 22 17
t 1674 6.976744186046512
m 15 17
0 27 0
1 0 5
2 21 17
t 1673 6.976744186046512
m 16 17
0 27 1
1 0 6
2 22 17
t 1672 7.751937984496124
m 16 18
0 27 0
1 0 5
2 22 16
t 1671 7.751937984496124
m 16 18
0 27 1
1 0 4
2 22 17
t 1670 7.751937984496124
m 16 19
0 27 2
1 0 5
2 22 16
t 1669 7.751937984496124
m 15 19
0 27 1
1 0 4
2 22 15
t 1668 7.751937984496124
m 15 19
0 27 2
1 0 5
2 21 15
t 1667 7.751937984496124
m 14 19
0 27 3
1 0 4
2 22 15
t 1666 8.527131782945736
m 14 19
0 28 3
1 0 3
2 23 15
t 1665 8.527131782945736
m 14 19
0 29 3
1 1 3
2 22 15
t 1664 8.527131782945736
m 13 19
0 28 3
1 0 3
2 21 15
t 1663 8.527131782945736
m 12 19
0 29 3
1 0 4
2 22 15
t 1662 8.527131782945736
m 11 19
0 29 4
1 0 5
2 21 15
t 1661 9.30232558139535
m 12 19
0 29 3
1 0 6
2 22 15
t 1660 9.30232558139535
m 13 19
0 29 4
1 0 5
2 23 15
t 1659 9.30232558139535
m 12 19
0 29 5
1 0 4
2 24 15
t 1658 9.30232558139535
m 13 19
0 29 4
1 0 5
2 25 15
t 1657 9.30232558139535
m 12 19
0 29 5
1 0 4
2 26 15
t 1656 9.30232558139535
m 11 19
0 29 6
1 0 3
2 27 15
t 1655 9.30232558139535
m 11 19
0 29 5
1 1 3
2 26 15
t 1654 9.30232558139535
m 11 19
0 29 6
1 2 3
2 25 15
t 1653 9.30232558139535
m 10 19
0 30 6
1 3 3
2 26 15
t 1652 9.30232558139535
m 11 19
0 31 6
1 4 3
2 27 15
t 1651 9.30232558139535
m 10 19
0 31 7
1 5 3
2 28 15
t 1650 9.30232558139535
m 9 19
0 31 8
1 4 3
2 27 15
t 1649 9.30232558139535
m 9 19
0 31 7
1 5 3
2 28 15
t 1648 9.30232558139535
m 9 19
0 31 8
1 6 3
2 27 15
t 1647 9.30232558139535
m 10 19
0 31 7
1 5 3
2 26 15
t 1646 9.30232558139535
m 9 19
0 31 6
1 6 3
2 26 14
t 1645 9.30232558139535
m 9 19
0 31 7
1 5 3
2 26 15
t 1644 9.30232558139535
m 9 19
0 31 8
1 5 4
2 25 15
t 1643 9.30232558139535
m 8 19
0 31 7
1 5 3
2 24 15
t 1642 9.30232558139535
m 7 19
0 31 6
1 6 3
2 23 15
t 1641 9.30232558139535
m 7 18
0 31 7
1 7 3
2 24 15
t 1640 9.30232558139535
m 7 18
0 31 6
1 7 2
2 23 15
t 1639 9.30232558139535
m 7 19
0 31 7
1 7 3
2 22 15
t 1638 9.30232558139535
m 6 19
0 31 6
1 6 3
2 22 16
t 1637 9.30232558139535
m 6 19
0 30 6
1 7 3
2 22 15
t 1636 9.30232558139535
m 5 19
0 31 6
1 8 3
2 21 15
t 1635 9.30232558139535
m 4 19
0 31 7
1 9 3
2 22 15
t 1634 9.30232558139535
m 4 19
0 31 6
1 8 3
2 21 15
t 1633 9.30232558139535
m 5 19
0 30 6
1 9 3
2 20 15
t 1632 9.30232558139535
m 4 19
0 31 6
1 8 3
2 21 15
t 1631 9.30232558139535
m 4 19
0 31 7
1 7 3
2 22 15
t 1630 9.30232558139535
m 4 19
0 31 6
1 6 3
2 22 16
t 1629 9.30232558139535
m 5 19
0 30 6
1 5 3
2 22 15
t 1628 9.30232558139535
m 5 19
0 31 6
1 4 3
2 22 16
t 1627 9.30232558139535
m 4 19
0 30 6
1 5 3
2 22 15
t 1626 9.30232558139535
m 4 19
0 31 6
1 5 4
2 23 15
t 1625 9.30232558139535
m 3 19
0 30 6
1 5 5
2 22 15
t 1624 9.30232558139535
m 3 19
0 29 6
1 5 6
2 22 16
t 1623 9.30232558139535
m 2 19
0 30 6
1 4 6
2 22 15
t 1622 9.30232558139535
m 1 19
0 29 6
1 3 6
2 22 16
t 1621 9.30232558139535
m 0 19
0 30 6
1 4 6
2 22 15
t 1620 9.30232558139535
m 0 18
0 29 6
1 5 6
2 21 15
t 1619 9.30232558139535
m 0 17
0 30 6
1 5 5
2 20 15
t 1618 9.30232558139535
m 0 17
0 29 6
1 5 6
2 21 15
t 1617 9.30232558139535
m 0 16
0 30 6
1 5 5
2 20 15
t 1616 9.30232558139535
m 0 15
0 31 6
1 5 6
2 19 15
t 1615 10.077519379844961
m 1 15
0 31 7
1 5 5
2 18 15
t 1614 10.077519379844961
m 2 15
0 31 6
1 5 6
2 19 15
t 1613 10.077519379844961
m 2 16
0 31 7
1 5 5
2 18 15
t 1612 10.852713178294573
m 2 17
0 31 6
1 5 6
2 18 16
t 1611 10.852713178294573
m 3 17
0 31 7
1 5 5
2 18 17
t 1610 10.852713178294573
m 4 17
0 31 6
1 5 4
2 19 17
t 1609 11.627906976744185
m 3 17
0 31 7
1 5 5
2 20 17
t 1608 11.627906976744185
m 3 17
0 31 6
1 5 6
2 21 17
t 1607 11.627906976744185
m 3 17
0 30 6
1 4 6
2 22 17
t 1606 11.627906976744185
m 3 17
0 29 6
1 3 6
2 21 17
t 1605 11.627906976744185
m 3 17
0 30 6
1 3 7
2 20 17
t 1604 11.627906976744185
m 3 17
0 31 6
1 3 8
2 21 17
t 1603 11.627906976744185
m 4 17
0 31 7
1 3 9
2 22 17
t 1602 11.627906976744185
m 4 17
0 31 6
1 3 10
2 22 16
t 1601 11.627906976744185
m 3 17
0 30 6
1 3 9
2 22 15
t 1600 11.627906976744185
m 2 17
0 31 6
1 3 8
2 23 15
t 1599 11.627906976744185
m 3 17
0 31 7
1 3 7
2 22 15
t 1598 11.627906976744185
m 4 17
0 31 8
1 3 8
2 21 15
t 1597 11.627906976744185
m 4 17
0 32 8
1 2 8
2 22 15
t 1596 11.627906976744185
m 3 17
0 31 8
1 1 8
2 21 15
t 1595 11.627906976744185
m 3 17
0 31 7
1 2 8
2 20 15
t 1594 11.627906976744185
m 4 17
0 31 8
1 3 8
2 19 15
t 1593 11.627906976744185
m 3 17
0 31 7
1 3 9
2 18 15
t 1592 11.627906976744185
m 3 17
0 31 8
1 3 10
2 18 14
t 1591 11.627906976744185
m 2 17
0 31 9
1 3 9
2 17 14
t 1590 11.627906976744185
m 2 16
0 31 10
1 3 8
2 16 14
t 1589 11.627906976744185
m 2 15
0 31 9
1 2 8
2 16 13
t 1588 11.627906976744185
m 3 15
0 31 10
1 3 8
2 16 14
t 1587 12.4031007751938
m 4 15
0 31 11
1 4 8
2 17 14
t 1586 12.4031007751938
m 5 15
0 32 11
1 5 8
2 16 14
t 1585 12.4031007751938
m 6 15
0 31 11
1 4 8
2 17 14
t 1584 13.178294573643411
m 7 15
0 30 11
1 3 8
2 16 14
t 1583 13.178294573643411
m 8 15
0 29 11
1 2 8
2 16 15
t 1582 13.178294573643411
m 8 15
0 28 11
1 1 8
2 16 14
t 1581 13.178294573643411
m 8 14
0 27 11
1 0 8
2 17 14
t 1580 13.178294573643411
m 8 14
0 28 11
1 1 8
2 16 14
t 1579 13.178294573643411
m 8 14
0 28 10
1 2 8
2 16 15
t 1578 13.178294573643411
m 8 14
0 28 11
1 1 8
2 15 15
t 1577 13.178294573643411
m 8 14
0 27 11
1 2 8
2 14 15
t 1576 13.178294573643411
m 8 14
0 28 11
1 3 8
2 15 15
t 1575 13.178294573643411
m 8 15
0 29 11
1 3 7
2 16 15
t 1574 13.178294573643411
m 9 15
0 30 11
1 3 8
2 15 15
t 1573 13.953488372093023
m 8 15
0 29 11
1 2 8
2 16 15
t 1572 13.953488372093023
m 8 14
0 30 11
1 1 8
2 16 16
t 1571 13.953488372093023
m 8 14
0 29 11
1 2 8
2 16 15
t 1570 13.953488372093023
m 8 14
0 28 11
1 3 8
2 16 14
t 1569 13.953488372093023
m 8 13
0 27 11
1 2 8
2 17 14
t 1568 14.728682170542635
m 7 13
0 26 11
1 1 8
2 18 14
t 1567 14.728682170542635
m 8 13
0 25 11
1 0 8
2 18 15
t 1566 14.728682170542635
m 7 13
0 26 11
1 0 7
2 19 15
t 1565 14.728682170542635
m 6 13
0 25 11
1 0 6
2 18 15
t 1564 14.728682170542635
m 6 13
0 26 11
1 0 7
2 18 14
t 1563 14.728682170542635
m 5 13
0 25 11
1 0 8
2 17 14
t 1562 15.503875968992247
m 4 13
0 24 11
1 0 7
2 18 14
t 1561 15.503875968992247
m 3 13
0 23 11
1 0 8
2 18 13
t 1560 15.503875968992247
m 3 13
0 23 12
1 0 7
2 18 14
t 1559 15.503875968992247
m 3 13
0 23 13
1 0 6
2 18 13
t 1558 15.503875968992247
m 2 13
0 23 12
1 0 7
2 19 13
t 1557 16.27906976744186
m 3 13
0 23 13
1 0 8
2 18 13
t 1556 16.27906976744186
m 4 13
0 22 13
1 1 8
2 19 13
t 1555 16.27906976744186
m 5 13
0 21 13
1 2 8
2 20 13
t 1554 16.27906976744186
m 4 13
0 21 12
1 3 8
2 21 13
t 1553 16.27906976744186
m 5 13
0 21 11
1 3 9
2 22 13
t 1552 16.27906976744186
m 6 13
0 20 11
1 3 10
2 21 13
t 1551 16.27906976744186
m 5 13
0 19 11
1 3 11
2 20 13
t 1550 16.27906976744186
m 4 13
0 20 11
1 3 10
2 21 13
t 1549 16.27906976744186
m 5 13
0 19 11
1 3 9
2 21 12
t 1548 16.27906976744186
m 4 13
0 20 11
1 3 8
2 21 13
t 1547 16.27906976744186
m 4 13
0 19 11
1 4 8
2 22 13
t 1546 16.27906976744186
m 4 13
0 20 11
1 3 8
2 23 13
t 1545 16.27906976744186
m 4 13
0 21 11
1 4 8
2 23 12
t 1544 16.27906976744186
m 3 13
0 21 10
1 5 8
2 23 13
t 1543 16.27906976744186
m 2 13
0 21 9
1 6 8
2 24 13
t 1542 16.27906976744186
m 2 12
0 21 10
1 5 8
2 23 13
t 1541 16.27906976744186
m 2 12
0 21 11
1 4 8
2 22 13
t 1540 16.27906976744186
m 2 11
0 20 11
1 5 8
2 21 13
t 1539 16.27906976744186
m 1 11
0 19 11
1 4 8
2 20 13
t 1538 17.05426356589147
m 0 11
0 20 11
1 3 8
2 19 13
t 1537 17.05426356589147
m 0 11
0 19 11
1 3 7
2 18 13
t 1536 17.05426356589147
m 0 12
0 18 11
1 3 8
2 19 13
t 1535 17.829457364341085
m 0 13
0 19 11
1 3 9
2 20 13
t 1534 17.829457364341085
m 0 12
0 20 11
1 3 8
2 19 13
t 1533 17.829457364341085
m 0 13
0 21 11
1 3 9
2 18 13
t 1532 17.829457364341085
m 0 14
0 21 12
1 3 10
2 19 13
t 1531 17.829457364341085
m 0 14
0 21 13
1 3 11
2 18 13
t 1530 17.829457364341085
m 0 13
0 22 13
1 2 11
2 19 13
t 1529 17.829457364341085
m 0 13
0 21 13
1 1 11
2 18 13
t 1528 17.829457364341085
m 0 12
0 21 12
1 2 11
2 18 14
t 1527 17.829457364341085
m 0 13
0 21 11
1 1 11
2 17 14
t 1526 17.829457364341085
m 0 14
0 20 11
1 2 11
2 16 14
t 1525 17.829457364341085
m 0 14
0 19 11
1 2 12
2 17 14
t 1524 17.829457364341085
m 0 14
0 18 11
1 2 13
2 18 14
t 1523 17.829457364341085
m 0 13
0 17 11
1 2 12
2 17 14
t 1522 17.829457364341085
m 0 12
0 18 11
1 2 13
2 18 14
t 1521 17.829457364341085
m 0 11
0 19 11
1 3 13
2 17 14
t 1520 17.829457364341085
m 0 11
0 20 11
1 4 13
2 18 14
t 1519 17.829457364341085
m 1 11
0 21 11
1 3 13
2 18 15
t 1518 17.829457364341085
m 1 11
0 21 10
1 2 13
2 18 16
t 1517 17.829457364341085
m 2 11
0 21 11
1 2 14
2 18 15
t 1516 17.829457364341085
m 2 11
0 21 10
1 2 13
2 19 15
t 1515 17.829457364341085
m 3 11
0 21 11
1 2 14
2 20 15
t 1514 17.829457364341085
m 4 11
0 21 10
1 2 15
2 21 15
t 1513 18.6046511627907
m 3 11
0 21 9
1 2 16
2 20 15
t 1512 18.6046511627907
m 3 10
0 21 10
1 2 15
2 19 15
t 1511 18.6046511627907
m 3 9
0 21 11
1 2 14
2 18 15
t 1510 19.37984496124031
m 3 9
0 21 12
1 2 15
2 18 14
t 1509 19.37984496124031
m 3 8
0 21 11
1 1 15
2 17 14
t 1508 19.37984496124031
m 4 8
0 20 11
1 0 15
2 16 14
t 1507 20.155038759689923
m 5 8
0 19 11
1 0 16
2 16 13
t 1506 20.155038759689923
m 4 8
0 18 11
1 0 17
2 16 14
t 1505 20.155038759689923
m 4 8
0 19 11
1 0 18
2 16 15
t 1504 20.155038759689923
m 4 8
0 20 11
1 0 19
2 15 15
t 1503 20.155038759689923
m 5 8
0 21 11
1 1 19
2 16 15
t 1502 20.155038759689923
m 6 8
0 21 12
1 0 19
2 15 15
t 1501 20.155038759689923
m 6 8
0 21 11
1 0 18
2 14 15
t 1500 20.155038759689923
m 6 8
0 21 10
1 0 17
2 15 15
t 1499 20.155038759689923
m 6 9
0 21 9
1 0 18
2 14 15
t 1498 20.930232558139537
m 6 8
0 20 9
1 0 19
2 13 15
t 1497 20.930232558139537
m 5 8
0 19 9
1 1 19
2 12 15
t 1496 20.930232558139537
m 6 8
0 20 9
1 0 19
2 12 16
t 1495 20.930232558139537
m 6 8
0 21 9
1 0 18
2 12 15
t 1494 20.930232558139537
m 6 8
0 20 9
1 0 19
2 13 15
t 1493 20.930232558139537
m 6 9
0 21 9
1 1 19
2 12 15
t 1492 20.930232558139537
m 6 8
0 21 8
1 0 19
2 13 15
t 1491 20.930232558139537
m 6 8
0 21 7
1 0 18
2 12 15
t 1490 20.930232558139537
m 6 8
0 20 7
1 0 19
2 12 16
t 1489 20.930232558139537
m 6 8
0 19 7
1 0 18
2 12 17
t 1488 20.930232558139537
m 6 8
0 18 7
1 0 17
2 12 16
t 1487 20.930232558139537
m 6 8
0 17 7
1 0 18
2 12 15
t 1486 20.930232558139537
m 6 8
0 16 7
1 0 17
2 12 16
t 1485 20.930232558139537
m 6 8
0 17 7
1 0 16
2 12 17
t 1484 20.930232558139537
m 6 8
0 17 6
1 0 15
2 12 16
t 1483 20.930232558139537
m 6 8
0 17 5
1 0 16
2 12 17
t 1482 20.930232558139537
m 5 8
0 17 6
1 0 15
2 11 17
t 1481 20.930232558139537
m 6 8
0 17 7
1 0 14
2 10 17
t 1480 20.930232558139537
m 6 8
0 16 7
1 0 13
2 9 17
t 1479 20.930232558139537
m 6 8
0 15 7
1 0 12
2 10 17
t 1478 20.930232558139537
m 6 8
0 16 7
1 0 11
2 9 17
t 1477 20.930232558139537
m 5 8
0 15 7
1 0 12
2 10 17
t 1476 20.930232558139537
m 6 8
0 16 7
1 0 13
2 9 17
t 1475 20.930232558139537
m 6 8
0 15 7
1 0 14
2 10 17
t 1474 20.930232558139537
m 5 8
0 16 7
1 0 13
2 11 17
t 1473 20.930232558139537
m 6 8
0 17 7
1 0 12
2 10 17
t 1472 20.930232558139537
m 6 8
0 17 6
1 0 11
2 11 17
t 1471 20.930232558139537
m 6 8
0 17 7
1 1 11
2 12 17
t 1470 20.930232558139537
m 6 8
0 18 7
1 2 11
2 12 16
t 1469 20.930232558139537
m 5 8
0 17 7
1 3 11
2 12 17
t 1468 20.930232558139537
m 6 8
0 18 7
1 2 11
2 11 17
t 1467 20.930232558139537
m 6 8
0 17 7
1 2 12
2 10 17
t 1466 20.930232558139537
m 6 8
0 17 6
1 2 13
2 9 17
t 1465 20.930232558139537
m 6 9
0 17 7
1 2 12
2 10 17
t 1464 20.930232558139537
m 6 8
0 18 7
1 2 13
2 9 17
t 1463 20.930232558139537
m 6 8
0 19 7
1 2 14
2 8 17
t 1462 20.930232558139537
m 6 8
0 20 7
1 2 15
2 7 17
t 1461 20.930232558139537
m 6 8
0 19 7
1 2 14
2 7 18
t 1460 20.930232558139537
m 6 9
0 20 7
1 2 13
2 7 19
t 1459 20.930232558139537
m 7 9
0 21 7
1 3 13
2 7 18
t 1458 20.930232558139537
m 7 9
0 21 8
1 2 13
2 7 17
t 1457 20.930232558139537
m 8 9
0 21 9
1 2 14
2 8 17
t 1456 20.930232558139537
m 7 9
0 21 8
1 2 15
2 9 17
t 1455 20.930232558139537
m 8 9
0 21 7
1 2 16
2 10 17
t 1454 20.930232558139537
m 8 9
0 21 8
1 2 15
2 11 17
t 1453 20.930232558139537
m 9 9
0 21 7
1 2 14
2 12 17
t 1452 21.705426356589147
m 8 9
0 20 7
1 2 15
2 13 17
t 1451 21.705426356589147
m 9 9
0 21 7
1 1 15
2 14 17
t 1450 21.705426356589147
m 10 9
0 20 7
1 0 15
2 15 17
t 1449 21.705426356589147
m 11 9
0 19 7
1 1 15
2 16 17
t 1448 21.705426356589147
m 11 9
0 18 7
1 0 15
2 17 17
t 1447 21.705426356589147
m 11 10
0 19 7
1 1 15
2 18 17
t 1446 22.48062015503876
m 11 11
0 18 7
1 2 15
2 18 18
t 1445 22.48062015503876
m 10 11
0 17 7
1 1 15
2 18 19
t 1444 23.25581395348837
m 11 11
0 16 7
1 0 15
2 18 18
t 1443 23.25581395348837
m 11 12
0 17 7
1 0 14
2 18 19
t 1442 23.25581395348837
m 11 13
0 17 6
1 0 15
2 18 18
t 1441 24.031007751937985
m 11 13
0 17 7
1 0 14
2 18 17
t 1440 24.031007751937985
m 12 13
0 17 6
1 0 15
2 19 17
t 1439 24.031007751937985
m 13 13
0 17 5
1 1 15
2 20 17
t 1438 24.031007751937985
m 14 13
0 17 4
1 2 15
2 21 17
t 1437 24.8062015503876
m 14 13
0 18 4
1 1 15
2 22 17
t 1436 24.8062015503876
m 13 13
0 19 4
1 2 15
2 21 17
t 1435 24.8062015503876
m 13 12
0 20 4
1 1 15
2 22 17
t 1434 24.8062015503876
m 13 12
0 19 4
1 0 15
2 21 17
t 1433 24.8062015503876
m 13 12
0 20 4
1 0 14
2 22 17
t 1432 24.8062015503876
m 13 12
0 19 4
1 0 15
2 23 17
t 1431 24.8062015503876
m 13 12
0 18 4
1 1 15
2 22 17
t 1430 24.8062015503876
m 13 11
0 17 4
1 2 15
2 23 17
t 1429 25.58139534883721
m 14 11
0 16 4
1 1 15
2 22 17
t 1428 25.58139534883721
m 13 11
0 15 4
1 2 15
2 23 17
t 1427 25.58139534883721
m 14 11
0 14 4
1 2 14
2 22 17
t 1426 25.58139534883721
m 15 11
0 15 4
1 2 13
2 23 17
t 1425 25.58139534883721
m 16 11
0 14 4
1 2 12
2 22 17
t 1424 26.356589147286822
m 17 11
0 15 4
1 2 11
2 23 17
t 1423 26.356589147286822
m 17 10
0 16 4
1 2 12
2 22 17
t 1422 27.131782945736433
m 17 11
0 15 4
1 2 11
2 22 16
t 1421 27.131782945736433
m 18 11
0 14 4
1 2 12
2 22 15
t 1420 27.131782945736433
m 19 11
0 13 4
1 2 11
2 22 16
t 1419 27.906976744186046
m 20 11
0 14 4
1 1 11
2 22 17
t 1418 27.906976744186046
m 20 11
0 13 4
1 2 11
2 21 17
t 1417 27.906976744186046
m 21 11
0 13 5
1 3 11
2 22 17
t 1416 27.906976744186046
m 21 11
0 12 5
1 4 11
2 22 16
t 1415 27.906976744186046
m 21 10
0 13 5
1 5 11
2 22 15
t 1414 27.906976744186046
m 21 10
0 12 5
1 4 11
2 21 15
t 1413 27.906976744186046
m 21 9
0 13 5
1 5 11
2 20 15
t 1412 28.68217054263566
m 20 9
0 12 5
1 6 11
2 21 15
t 1411 28.68217054263566
m 19 9
0 11 5
1 6 10
2 22 15
t 1410 28.68217054263566
m 18 9
0 12 5
1 6 11
2 22 16
t 1409 29.45736434108527
m 17 9
0 13 5
1 7 11
2 22 15
t 1408 29.45736434108527
m 17 9
0 12 5
1 6 11
2 23 15
t 1407 29.45736434108527
m 16 9
0 13 5
1 7 11
2 22 15
t 1406 29.45736434108527
m 16 9
0 13 4
1 6 11
2 23 15
t 1405 29.45736434108527
m 16 9
0 13 3
1 6 10
2 24 15
t 1404 29.45736434108527
m 16 9
0 13 4
1 6 11
2 23 15
t 1403 29.45736434108527
m 16 9
0 13 5
1 5 11
2 22 15
t 1402 29.45736434108527
m 15 9
0 13 4
1 4 11
2 21 15
t 1401 30.232558139534884
m 16 9
0 14 4
1 3 11
2 22 15
t 1400 30.232558139534884
m 17 9
0 13 4
1 4 11
2 22 16
t 1399 30.232558139534884
m 17 10
0 14 4
1 5 11
2 22 17
t 1398 30.232558139534884
m 17 9
0 13 4
1 4 11
2 22 16
t 1397 30.232558139534884
m 16 9
0 13 5
1 3 11
2 22 15
t 1396 30.232558139534884
m 17 9
0 12 5
1 4 11
2 21 15
t 1395 30.232558139534884
m 16 9
0 13 5
1 5 11
2 22 15
t 1394 30.232558139534884
m 15 9
0 12 5
1 4 11
2 23 15
t 1393 30.232558139534884
m 16 9
0 11 5
1 3 11
2 24 15
t 1392 30.232558139534884
m 15 9
0 12 5
1 2 11
2 25 15
t 1391 30.232558139534884
m 16 9
0 11 5
1 1 11
2 26 15
t 1390 30.232558139534884
m 16 9
0 10 5
1 0 11
2 27 15
t 1389 30.232558139534884
m 15 9
0 11 5
1 1 11
2 28 15
t 1388 30.232558139534884
m 16 9
0 10 5
1 2 11
2 27 15
t 1387 30.232558139534884
m 17 9
0 11 5
1 1 11
2 28 15
t 1386 30.232558139534884
m 18 9
0 12 5
1 0 11
2 29 15
t 1385 30.232558139534884
m 17 9
0 11 5
1 0 12
2 30 15
t 1384 30.232558139534884
m 17 10
0 12 5
1 0 11
2 29 15
t 1383 30.232558139534884
m 17 9
0 13 5
1 0 12
2 28 15
t 1382 30.232558139534884
m 17 9
0 12 5
1 0 13
2 27 15
t 1381 30.232558139534884
m 17 9
0 11 5
1 0 14
2 28 15
t 1380 30.232558139534884
m 17 9
0 10 5
1 0 13
2 29 15
t 1379 30.232558139534884
m 17 10
0 11 5
1 0 12
2 30 15
t 1378 30.232558139534884
m 17 9
0 12 5
1 0 11
2 31 15
t 1377 30.232558139534884
m 17 9
0 11 5
1 1 11
2 32 15
t 1376 30.232558139534884
m 17 9
0 12 5
1 0 11
2 32 16
t 1375 30.232558139534884
m 17 9
0 11 5
1 1 11
2 32 15
t 1374 30.232558139534884
m 17 9
0 12 5
1 0 11
2 33 15
t 1373 30.232558139534884
m 18 9
0 13 5
1 1 11
2 32 15
t 1372 30.232558139534884
m 17 9
0 13 4
1 2 11
2 31 15
t 1371 30.232558139534884
m 17 10
0 13 5
1 3 11
2 32 15
t 1370 30.232558139534884
m 17 9
0 12 5
1 4 11
2 31 15
t 1369 30.232558139534884
m 18 9
0 13 5
1 5 11
2 30 15
t 1368 30.232558139534884
m 19 9
0 12 5
1 6 11
2 31 15
t 1367 30.232558139534884
m 19 9
0 13 5
1 7 11
2 30 15
t 1366 30.232558139534884
m 20 9
0 12 5
1 8 11
2 29 15
t 1365 30.232558139534884
m 20 9
0 11 5
1 7 11
2 28 15
t 1364 30.232558139534884
m 20 9
0 10 5
1 6 11
2 27 15
t 1363 30.232558139534884
m 19 9
0 9 5
1 5 11
2 28 15
t 1362 30.232558139534884
m 20 9
0 9 6
1 4 11
2 29 15
t 1361 30.232558139534884
m 21 9
0 8 6
1 5 11
2 28 15
t 1360 30.232558139534884
m 21 8
0 9 6
1 6 11
2 27 15
t 1359 30.232558139534884
m 21 7
0 9 7
1 7 11
2 28 15
t 1358 30.232558139534884
m 21 7
0 9 6
1 8 11
2 27 15
t 1357 30.232558139534884
m 20 7
0 9 5
1 9 11
2 26 15
t 1356 31.007751937984494
m 19 7
0 9 4
1 8 11
2 27 15
t 1355 31.007751937984494
m 18 7
0 9 5
1 9 11
2 28 15
t 1354 31.007751937984494
m 17 7
0 9 6
1 8 11
2 29 15
t 1353 31.782945736434108
m 17 6
0 8 6
1 9 11
2 30 15
t 1352 31.782945736434108
m 17 6
0 7 6
1 10 11
2 29 15
t 1351 31.782945736434108
m 17 5
0 6 6
1 9 11
2 28 15
t 1350 31.782945736434108
m 17 5
0 5 6
1 8 11
2 27 15
t 1349 31.782945736434108
m 17 5
0 6 6
1 9 11
2 28 15
t 1348 31.782945736434108
m 17 6
0 7 6
1 10 11
2 27 15
t 1347 31.782945736434108
m 17 6
0 6 6
1 11 11
2 26 15
t 1346 31.782945736434108
m 17 5
0 5 6
1 11 12
2 25 15
t 1345 31.782945736434108
m 17 5
0 5 5
1 11 11
2 26 15
t 1344 31.782945736434108
m 17 4
0 5 6
1 10 11
2 25 15
t 1343 32.55813953488372
m 18 4
0 4 6
1 11 11
2 26 15
t 1342 32.55813953488372
m 19 4
0 5 6
1 11 10
2 26 14
t 1341 32.55813953488372
m 20 4
0 6 6
1 11 9
2 26 15
t 1340 33.333333333333336
m 20 4
0 5 6
1 11 8
2 27 15
t 1339 33.333333333333336
m 19 4
0 4 6
1 11 7
2 26 15
t 1338 33.333333333333336
m 20 4
0 5 6
1 12 7
2 27 15
t 1337 33.333333333333336
m 21 4
0 4 6
1 13 7
2 26 15
t 1336 33.333333333333336
m 21 3
0 5 6
1 12 7
2 26 14
t 1335 34.10852713178294
m 21 3
0 6 6
1 13 7
2 26 13
t 1334 34.10852713178294
m 21 3
0 5 6
1 12 7
2 27 13
t 1333 34.10852713178294
m 21 3
0 4 6
1 13 7
2 26 13
t 1332 34.10852713178294
m 21 3
0 5 6
1 13 8
2 27 13
t 1331 34.10852713178294
m 21 3
0 6 6
1 13 7
2 26 13
t 1330 34.10852713178294
m 21 4
0 5 6
1 13 8
2 26 14
t 1329 34.10852713178294
m 21 5
0 5 5
1 13 7
2 26 15
t 1328 34.10852713178294
m 22 5
0 5 4
1 12 7
2 26 14
t 1327 34.883720930232556
m 23 5
0 5 5
1 13 7
2 26 13
t 1326 34.883720930232556
m 23 5
0 5 4
1 13 8
2 25 13
t 1325 34.883720930232556
m 24 5
0 5 3
1 13 7
2 26 13
t 1324 34.883720930232556
m 24 5
0 4 3
1 12 7
2 27 13
t 1323 34.883720930232556
m 24 5
0 5 3
1 11 7
2 26 13
t 1322 34.883720930232556
m 24 5
0 4 3
1 12 7
2 27 13
t 1321 34.883720930232556
m 23 5
0 3 3
1 13 7
2 26 13
t 1320 34.883720930232556
m 23 5
0 2 3
1 14 7
2 27 13
t 1319 34.883720930232556
m 23 5
0 3 3
1 15 7
2 28 13
t 1318 34.883720930232556
m 24 5
0 4 3
1 16 7
2 29 13
t 1317 34.883720930232556
m 25 5
0 3 3
1 17 7
2 30 13
t 1316 35.65891472868217
m 25 6
0 2 3
1 17 6
2 31 13
t 1315 35.65891472868217
m 26 6
0 1 3
1 17 7
2 32 13
t 1314 35.65891472868217
m 27 6
0 2 3
1 16 7
2 32 12
t 1313 36.434108527131784
m 27 6
0 3 3
1 17 7
2 32 13
t 1312 36.434108527131784
m 28 6
0 4 3
1 16 7
2 32 14
t 1311 36.434108527131784
m 29 6
0 5 3
1 17 7
2 32 13
t 1310 36.434108527131784
m 30 6
0 6 3
1 16 7
2 32 14
t 1309 37.2093023255814
m 31 6
0 5 3
1 15 7
2 32 15
t 1308 37.2093023255814
m 31 7
0 4 3
1 14 7
2 32 14
t 1307 37.2093023255814
m 31 7
0 3 3
1 13 7
2 32 13
t 1306 37.2093023255814
m 31 7
0 2 3
1 14 7
2 32 12
t 1305 37.2093023255814
m 31 7
0 3 3
1 15 7
2 32 11
t 1304 37.2093023255814
m 31 8
0 2 3
1 16 7
2 31 11
t 1303 37.98449612403101
m 32 8
0 1 3
1 17 7
2 31 10
t 1302 37.98449612403101
m 33 8
0 0 3
1 18 7
2 31 9
t 1301 37.98449612403101
m 34 8
0 1 3
1 17 7
2 31 8
t 1300 38.75968992248062
m 34 7
0 2 3
1 18 7
2 31 9
t 1299 38.75968992248062
m 34 6
0 1 3
1 17 7
2 31 8
t 1298 38.75968992248062
m 34 5
0 2 3
1 16 7
2 32 8
t 1297 39.53488372093023
m 34 5
0 1 3
1 17 7
2 31 8
t 1296 39.53488372093023
m 34 4
0 0 3
1 17 6
2 31 9
t 1295 39.53488372093023
m 34 4
0 0 2
1 17 5
2 31 10
t 1294 39.53488372093023
m 34 3
0 0 3
1 17 4
2 31 9
t 1293 39.53488372093023
m 34 3
0 0 4
1 16 4
2 31 8
t 1292 39.53488372093023
m 34 2
0 0 3
1 17 4
2 31 9
t 1291 40.310077519379846
m 34 3
0 0 2
1 17 5
2 31 8
t 1290 40.310077519379846
m 34 3
0 0 3
1 17 4
2 32 8
t 1289 40.310077519379846
m 33 3
0 1 3
1 18 4
2 31 8
t 1288 41.08527131782946
m 32 3
0 2 3
1 19 4
2 30 8
t 1287 41.08527131782946
m 31 3
0 3 3
1 18 4
2 31 8
t 1286 41.08527131782946
m 30 3
0 4 3
1 17 4
2 31 9
t 1285 41.86046511627907
m 29 3
0 5 3
1 18 4
2 31 10
t 1284 41.86046511627907
m 28 3
0 6 3
1 17 4
2 31 9
t 1283 41.86046511627907
m 28 3
0 5 3
1 18 4
2 31 10
t 1282 41.86046511627907
m 27 3
0 5 4
1 19 4
2 31 11
t 1281 42.63565891472868
m 27 3
0 5 3
1 20 4
2 30 11
t 1280 42.63565891472868
m 27 2
0 5 4
1 21 4
2 31 11
t 1279 42.63565891472868
m 27 1
0 5 5
1 21 3
2 31 10
t 1278 42.63565891472868
m 27 0
0 5 6
1 21 4
2 31 9
t 1277 43.41085271317829
m 27 0
0 6 6
1 21 5
2 31 10
t 1276 43.41085271317829
m 26 0
0 5 6
1 21 4
2 31 11
t 1275 43.41085271317829
m 25 0
0 5 5
1 21 3
2 30 11
t 1274 43.41085271317829
m 24 0
0 5 6
1 21 2
2 31 11
t 1273 44.18604651162791
m 25 0
0 4 6
1 21 3
2 31 10
t 1272 44.18604651162791
m 25 0
0 3 6
1 21 4
2 31 11
t 1271 44.18604651162791
m 25 0
0 3 7
1 20 4
2 31 10
t 1270 44.18604651162791
m 25 0
0 3 6
1 21 4
2 31 11
t 1269 44.18604651162791
m 25 0
0 4 6
1 21 3
2 31 10
t 1268 44.18604651162791
m 25 0
0 5 6
1 21 4
2 31 11
t 1267 44.18604651162791
m 26 0
0 4 6
1 20 4
2 31 10
t 1266 44.18604651162791
m 25 0
0 3 6
1 21 4
2 31 9
t 1265 44.18604651162791
m 25 0
0 4 6
1 21 3
2 31 10
t 1264 44.18604651162791
m 26 0
0 3 6
1 21 4
2 31 9
t 1263 44.18604651162791
m 25 0
0 4 6
1 21 5
2 31 8
t 1262 44.18604651162791
m 25 0
0 5 6
1 22 5
2 31 7
t 1261 44.18604651162791
m 25 0
0 5 5
1 23 5
2 31 6
t 1260 44.18604651162791
m 25 0
0 5 4
1 22 5
2 31 7
t 1259 44.18604651162791
m 25 0
0 5 3
1 21 5
2 31 8
t 1258 44.18604651162791
m 25 0
0 6 3
1 22 5
2 32 8
t 1257 44.18604651162791
m 25 0
0 5 3
1 23 5
2 33 8
t 1256 44.18604651162791
m 24 0
0 5 4
1 24 5
2 32 8
t 1255 44.18604651162791
m 25 0
0 5 3
1 25 5
2 33 8
t 1254 44.18604651162791
m 25 0
0 6 3
1 24 5
2 32 8
t 1253 44.18604651162791
m 25 0
0 5 3
1 25 5
2 33 8
t 1252 44.18604651162791
m 26 0
0 4 3
1 25 6
2 34 8
t 1251 44.18604651162791
m 27 0
0 3 3
1 26 6
2 33 8
t 1250 44.18604651162791
m 28 0
0 4 3
1 27 6
2 32 8
t 1249 44.18604651162791
m 29 0
0 3 3
1 26 6
2 33 8
t 1248 44.18604651162791
m 30 0
0 4 3
1 25 6
2 32 8
t 1247 44.96124031007752
m 31 0
0 3 3
1 25 7
2 33 8
t 1246 44.96124031007752
m 32 0
0 2 3
1 24 7
2 32 8
t 1245 44.96124031007752
m 33 0
0 3 3
1 23 7
2 33 8
t 1244 45.736434108527135
m 32 0
0 4 3
1 24 7
2 32 8
t 1243 45.736434108527135
m 31 0
0 3 3
1 25 7
2 33 8
t 1242 45.736434108527135
m 32 0
0 2 3
1 25 6
2 32 8
t 1241 45.736434108527135
m 32 0
0 3 3
1 25 7
2 31 8
t 1240 45.736434108527135
m 33 0
0 2 3
1 24 7
2 30 8
t 1239 45.736434108527135
m 32 0
0 3 3
1 23 7
2 31 8
t 1238 45.736434108527135
m 33 0
0 2 3
1 24 7
2 31 7
t 1237 45.736434108527135
m 32 0
0 1 3
1 23 7
2 31 6
t 1236 45.736434108527135
m 31 0
0 2 3
1 23 8
2 31 7
t 1235 45.736434108527135
m 31 0
0 1 3
1 23 7
2 31 6
t 1234 45.736434108527135
m 32 0
0 0 3
1 22 7
2 31 7
t 1233 45.736434108527135
m 31 0
0 0 4
1 21 7
2 31 8
t 1232 45.736434108527135
m 30 0
0 0 3
1 22 7
2 32 8
t 1231 45.736434108527135
m 29 0
0 0 4
1 21 7
2 33 8
t 1230 45.736434108527135
m 29 0
0 0 5
1 20 7
2 32 8
t 1229 45.736434108527135
m 28 0
0 0 6
1 19 7
2 31 8
t 1228 45.736434108527135
m 27 0
0 0 7
1 20 7
2 31 7
t 1227 45.736434108527135
m 26 0
0 0 6
1 21 7
2 31 6
t 1226 45.736434108527135
m 25 0
0 0 5
1 22 7
2 30 6
t 1225 45.736434108527135
m 24 0
0 0 6
1 23 7
2 29 6
t 1224 45.736434108527135
m 25 0
0 0 5
1 24 7
2 29 5
t 1223 45.736434108527135
m 25 0
0 0 6
1 23 7
2 29 6
t 1222 45.736434108527135
m 25 0
0 0 7
1 22 7
2 30 6
t 1221 45.736434108527135
m 25 0
0 0 8
1 21 7
2 31 6
t 1220 45.736434108527135
m 26 0
0 1 8
1 20 7
2 31 7
t 1219 45.736434108527135
m 25 0
0 0 8
1 19 7
2 31 8
t 1218 45.736434108527135
m 25 0
0 0 7
1 20 7
2 32 8
t 1217 45.736434108527135
m 24 0
0 0 6
1 21 7
2 31 8
t 1216 45.736434108527135
m 23 0
0 0 5
1 20 7
2 31 9
t 1215 45.736434108527135
m 22 0
0 0 6
1 19 7
2 31 10
t 1214 45.736434108527135
m 22 0
0 0 5
1 18 7
2 31 9
t 1213 45.736434108527135
m 21 0
0 0 4
1 19 7
2 31 10
t 1212 46.51162790697674
m 20 0
0 0 3
1 18 7
2 31 9
t 1211 46.51162790697674
m 19 0
0 0 2
1 17 7
2 31 8
t 1210 46.51162790697674
m 18 0
0 0 1
1 17 6
2 30 8
t 1209 47.286821705426355
m 18 1
0 0 2
1 17 5
2 29 8
t 1208 47.286821705426355
m 18 2
0 0 1
1 17 4
2 30 8
t 1207 47.286821705426355
m 19 2
0 0 0
1 17 5
2 31 8
t 1206 48.06201550387597
m 20 2
0 0 1
1 17 6
2 32 8
t 1205 48.06201550387597
m 21 2
0 0 2
1 17 5
2 31 8
t 1204 48.06201550387597
m 22 2
0 0 3
1 17 4
2 32 8
t 1203 48.83720930232558
m 22 2
0 0 4
1 18 4
2 33 8
t 1202 48.83720930232558
m 23 2
0 0 3
1 19 4
2 34 8
t 1201 48.83720930232558
m 23 2
0 0 4
1 18 4
2 33 8
t 1200 48.83720930232558
m 24 2
0 0 5
1 19 4
2 34 8
t 1199 48.83720930232558
m 25 2
0 0 6
1 18 4
2 33 8
t 1198 49.6124031007752
m 25 3
0 0 7
1 19 4
2 32 8
t 1197 49.6124031007752
m 25 2
0 0 8
1 20 4
2 31 8
t 1196 49.6124031007752
m 24 2
0 1 8
1 21 4
2 31 7
t 1195 49.6124031007752
m 24 2
0 2 8
1 20 4
2 31 6
t 1194 49.6124031007752
m 24 2
0 3 8
1 19 4
2 30 6
t 1193 49.6124031007752
m 23 2
0 3 7
1 20 4
2 31 6
t 1192 49.6124031007752
m 24 2
0 3 8
1 19 4
2 31 7
t 1191 49.6124031007752
m 25 2
0 2 8
1 18 4
2 31 8
t 1190 49.6124031007752
m 25 3
0 1 8
1 17 4
2 32 8
t 1189 49.6124031007752
m 25 2
0 0 8
1 18 4
2 33 8
t 1188 49.6124031007752
m 25 2
0 0 7
1 19 4
2 34 8
t 1187 49.6124031007752
m 25 2
0 0 8
1 20 4
2 33 8
t 1186 49.6124031007752
m 25 3
0 1 8
1 19 4
2 34 8
t 1185 49.6124031007752
m 25 4
0 0 8
1 20 4
2 33 8
t 1184 49.6124031007752
m 25 4
0 1 8
1 21 4
2 32 8
t 1183 49.6124031007752
m 25 3
0 2 8
1 21 5
2 31 8
t 1182 49.6124031007752
m 26 3
0 1 8
1 21 4
2 31 9
t 1181 49.6124031007752
m 27 3
0 0 8
1 20 4
2 31 10
t 1180 49.6124031007752
m 28 3
0 1 8
1 21 4
2 31 9
t 1179 49.6124031007752
m 28 3
0 2 8
1 21 5
2 31 8
t 1178 49.6124031007752
m 29 3
0 1 8
1 22 5
2 30 8
t 1177 49.6124031007752
m 29 3
0 2 8
1 23 5
2 29 8
t 1176 49.6124031007752
m 29 4
0 1 8
1 24 5
2 30 8
t 1175 50.3875968992248
m 29 5
0 0 8
1 25 5
2 29 8
t 1174 50.3875968992248
m 29 4
0 0 7
1 24 5
2 28 8
t 1173 50.3875968992248
m 29 5
0 0 8
1 25 5
2 28 9
t 1172 50.3875968992248
m 29 5
0 1 8
1 25 4
2 27 9
t 1171 50.3875968992248
m 29 6
0 2 8
1 25 5
2 28 9
t 1170 50.3875968992248
m 28 6
0 3 8
1 25 6
2 27 9
t 1169 50.3875968992248
m 28 6
0 2 8
1 25 7
2 26 9
t 1168 50.3875968992248
m 29 6
0 1 8
1 25 6
2 27 9
t 1167 50.3875968992248
m 28 6
0 0 8
1 25 5
2 26 9
t 1166 50.3875968992248
m 28 6
0 0 7
1 25 6
2 27 9
t 1165 50.3875968992248
m 28 6
0 0 8
1 25 5
2 26 9
t 1164 50.3875968992248
m 28 6
0 1 8
1 25 6
2 27 9
t 1163 50.3875968992248
m 29 6
0 2 8
1 25 7
2 28 9
t 1162 50.3875968992248
m 29 6
0 1 8
1 24 7
2 28 8
t 1161 50.3875968992248
m 28 6
0 0 8
1 25 7
2 28 9
t 1160 50.3875968992248
m 28 6
0 0 7
1 24 7
2 28 10
t 1159 50.3875968992248
m 27 6
0 0 6
1 25 7
2 28 9
t 1158 50.3875968992248
m 28 6
0 0 7
1 25 6
2 27 9
t 1157 50.3875968992248
m 28 6
0 0 8
1 25 7
2 26 9
t 1156 50.3875968992248
m 28 6
0 0 7
1 24 7
2 25 9
t 1155 50.3875968992248
m 28 6
0 0 6
1 25 7
2 24 9
t 1154 50.3875968992248
m 28 6
0 0 5
1 25 6
2 25 9
t 1153 50.3875968992248
m 28 6
0 0 4
1 26 6
2 26 9
t 1152 50.3875968992248
m 28 6
0 0 5
1 25 6
2 27 9
t 1151 50.3875968992248
m 28 6
0 0 4
1 25 5
2 28 9
t 1150 50.3875968992248
m 29 6
0 0 3
1 24 5
2 28 10
t 1149 50.3875968992248
m 28 6
0 0 4
1 23 5
2 28 9
t 1148 50.3875968992248
m 28 6
0 0 5
1 24 5
2 28 10
t 1147 50.3875968992248
m 27 6
0 0 4
1 25 5
2 28 11
t 1146 50.3875968992248
m 28 6
0 0 5
1 25 6
2 27 11
t 1145 50.3875968992248
m 28 6
0 0 6
1 25 5
2 26 11
t 1144 50.3875968992248
m 28 6
0 0 7
1 25 6
2 25 11
t 1143 50.3875968992248
m 28 6
0 0 6
1 25 5
2 26 11
t 1142 50.3875968992248
m 28 6
0 0 5
1 25 4
2 27 11
t 1141 50.3875968992248
m 28 6
0 0 4
1 25 3
2 28 11
t 1140 50.3875968992248
m 28 6
0 0 5
1 26 3
2 28 10
t 1139 50.3875968992248
m 28 6
0 0 4
1 27 3
2 28 11
t 1138 50.3875968992248
m 28 6
0 0 5
1 26 3
2 27 11
t 1137 50.3875968992248
m 27 6
0 0 6
1 25 3
2 28 11
t 1136 50.3875968992248
m 28 6
0 0 7
1 26 3
2 27 11
t 1135 50.3875968992248
m 28 6
0 0 6
1 25 3
2 28 11
t 1134 50.3875968992248
m 28 6
0 0 7
1 25 2
2 27 11
t 1133 50.3875968992248
m 28 6
0 0 8
1 24 2
2 26 11
t 1132 50.3875968992248
m 28 6
0 1 8
1 23 2
2 25 11
t 1131 50.3875968992248
m 29 6
0 0 8
1 24 2
2 26 11
t 1130 50.3875968992248
m 28 6
0 0 7
1 23 2
2 25 11
t 1129 50.3875968992248
m 28 6
0 0 6
1 22 2
2 24 11
t 1128 50.3875968992248
m 27 6
0 0 5
1 21 2
2 25 11
t 1127 50.3875968992248
m 28 6
0 0 6
1 21 3
2 24 11
t 1126 50.3875968992248
m 28 6
0 0 7
1 21 2
2 25 11
t 1125 50.3875968992248
m 28 6
0 0 8
1 20 2
2 24 11
t 1124 50.3875968992248
m 27 6
0 1 8
1 21 2
2 23 11
t 1123 50.3875968992248
m 28 6
0 2 8
1 22 2
2 24 11
t 1122 50.3875968992248
m 28 6
0 3 8
1 21 2
2 25 11
t 1121 50.3875968992248
m 27 6
0 3 9
1 20 2
2 24 11
t 1120 50.3875968992248
m 28 6
0 3 10
1 19 2
2 25 11
t 1119 50.3875968992248
m 28 6
0 3 9
1 18 2
2 26 11
t 1118 50.3875968992248
m 28 6
0 3 10
1 19 2
2 27 11
t 1117 50.3875968992248
m 28 6
0 3 11
1 18 2
2 26 11
t 1116 50.3875968992248
m 28 6
0 2 11
1 19 2
2 27 11
t 1115 50.3875968992248
m 29 6
0 3 11
1 18 2
2 28 11
t 1114 50.3875968992248
m 28 6
0 2 11
1 18 1
2 29 11
t 1113 50.3875968992248
m 28 6
0 1 11
1 18 0
2 30 11
t 1112 50.3875968992248
m 28 6
0 0 11
1 18 1
2 29 11
t 1111 50.3875968992248
m 28 6
0 0 12
1 18 2
2 30 11
t 1110 50.3875968992248
m 27 6
0 0 13
1 19 2
2 29 11
t 1109 50.3875968992248
m 28 6
0 0 14
1 18 2
2 30 11
t 1108 50.3875968992248
m 27 6
0 0 15
1 19 2
2 29 11
t 1107 50.3875968992248
m 28 6
0 0 14
1 20 2
2 28 11
t 1106 50.3875968992248
m 27 6
0 0 13
1 21 2
2 27 11
t 1105 50.3875968992248
m 28 6
0 0 14
1 22 2
2 28 11
t 1104 50.3875968992248
m 28 6
0 0 15
1 23 2
2 27 11
t 1103 50.3875968992248
m 28 6
0 1 15
1 24 2
2 26 11
t 1102 50.3875968992248
m 28 6
0 0 15
1 25 2
2 25 11
t 1101 50.3875968992248
m 28 6
0 0 14
1 25 3
2 26 11
t 1100 50.3875968992248
m 28 6
0 0 13
1 25 4
2 27 11
t 1099 50.3875968992248
m 28 6
0 0 12
1 25 3
2 28 11
t 1098 50.3875968992248
m 28 6
0 0 13
1 25 4
2 27 11
t 1097 50.3875968992248
m 29 6
0 0 12
1 25 5
2 28 11
t 1096 50.3875968992248
m 28 6
0 0 13
1 25 6
2 29 11
t 1095 50.3875968992248
m 28 6
0 0 12
1 25 5
2 30 11
t 1094 50.3875968992248
m 28 6
0 0 11
1 24 5
2 29 11
t 1093 50.3875968992248
m 28 6
0 0 12
1 23 5
2 30 11
t 1092 50.3875968992248
m 28 6
0 0 13
1 22 5
2 31 11
t 1091 50.3875968992248
m 28 6
0 0 14
1 21 5
2 32 11
t 1090 50.3875968992248
m 28 6
0 0 15
1 21 4
2 32 12
t 1089 50.3875968992248
m 28 6
0 0 16
1 21 3
2 32 11
t 1088 50.3875968992248
m 27 6
0 0 17
1 21 2
2 32 12
t 1087 50.3875968992248
m 27 6
0 0 16
1 20 2
2 32 11
t 1086 50.3875968992248
m 26 6
0 0 17
1 21 2
2 31 11
t 1085 50.3875968992248
m 26 6
0 0 18
1 20 2
2 30 11
t 1084 50.3875968992248
m 27 6
0 0 17
1 21 2
2 29 11
t 1083 50.3875968992248
m 27 6
0 0 18
1 20 2
2 30 11
t 1082 50.3875968992248
m 28 6
0 0 17
1 21 2
2 29 11
t 1081 50.3875968992248
m 28 6
0 0 16
1 20 2
2 30 11
t 1080 50.3875968992248
m 28 6
0 0 17
1 19 2
2 29 11
t 1079 50.3875968992248
m 28 6
0 0 18
1 18 2
2 30 11
t 1078 50.3875968992248
m 28 6
0 0 17
1 18 1
2 31 11
t 1077 50.3875968992248
m 27 6
0 0 18
1 18 0
2 32 11
t 1076 50.3875968992248
m 28 6
0 0 17
1 19 0
2 32 12
t 1075 50.3875968992248
m 28 6
0 0 16
1 20 0
2 32 13
t 1074 50.3875968992248
m 27 6
0 0 15
1 19 0
2 32 14
t 1073 50.3875968992248
m 27 6
0 1 15
1 18 0
2 32 15
t 1072 50.3875968992248
m 28 6
0 0 15
1 19 0
2 32 14
t 1071 50.3875968992248
m 28 6
0 1 15
1 18 0
2 32 13
t 1070 50.3875968992248
m 29 6
0 2 15
1 18 1
2 32 12
t 1069 50.3875968992248
m 28 6
0 3 15
1 18 2
2 32 11
t 1068 50.3875968992248
m 28 6
0 2 15
1 19 2
2 33 11
t 1067 50.3875968992248
m 28 6
0 2 16
1 20 2
2 32 11
t 1066 50.3875968992248
m 28 6
0 2 15
1 21 2
2 33 11
t 1065 50.3875968992248
m 28 6
0 2 16
1 21 3
2 34 11
t 1064 50.3875968992248
m 27 6
0 2 15
1 21 2
2 33 11
t 1063 50.3875968992248
m 28 6
0 3 15
1 20 2
2 32 11
t 1062 50.3875968992248
m 28 6
0 2 15
1 21 2
2 31 11
t 1061 50.3875968992248
m 28 6
0 2 16
1 22 2
2 31 10
t 1060 50.3875968992248
m 27 6
0 2 17
1 23 2
2 31 9
t 1059 50.3875968992248
m 26 6
0 2 16
1 24 2
2 31 8
t 1058 50.3875968992248
m 26 6
0 2 17
1 25 2
2 31 9
t 1057 50.3875968992248
m 27 6
0 2 16
1 24 2
2 31 8
t 1056 50.3875968992248
m 26 6
0 2 15
1 25 2
2 32 8
t 1055 50.3875968992248
m 25 6
0 3 15
1 25 3
2 33 8
t 1054 50.3875968992248
m 25 6
0 2 15
1 25 4
2 34 8
t 1053 50.3875968992248
m 25 7
0 2 14
1 25 5
2 34 7
t 1052 50.3875968992248
m 24 7
0 2 13
1 25 4
2 34 8
t 1051 50.3875968992248
m 24 7
0 2 14
1 25 5
2 33 8
t 1050 50.3875968992248
m 24 7
0 2 13
1 25 6
2 32 8
t 1049 50.3875968992248
m 23 7
0 3 13
1 26 6
2 33 8
t 1048 51.16279069767442
m 24 7
0 2 13
1 27 6
2 34 8
t 1047 51.16279069767442
m 24 7
0 3 13
1 28 6
2 33 8
t 1046 51.16279069767442
m 24 7
0 2 13
1 27 6
2 32 8
t 1045 51.16279069767442
m 23 7
0 2 12
1 28 6
2 33 8
t 1044 51.16279069767442
m 23 8
0 2 11
1 27 6
2 32 8
t 1043 51.16279069767442
m 23 8
0 3 11
1 26 6
2 31 8
t 1042 51.16279069767442
m 23 9
0 4 11
1 25 6
2 30 8
t 1041 51.16279069767442
m 24 9
0 3 11
1 25 7
2 31 8
t 1040 51.93798449612403
m 24 9
0 2 11
1 24 7
2 30 8
t 1039 51.93798449612403
m 23 9
0 1 11
1 23 7
2 29 8
t 1038 51.93798449612403
m 23 10
0 0 11
1 24 7
2 30 8
t 1037 52.713178294573645
m 23 11
0 1 11
1 23 7
2 31 8
t 1036 52.713178294573645
m 24 11
0 0 11
1 24 7
2 30 8
t 1035 52.713178294573645
m 25 11
0 1 11
1 25 7
2 29 8
t 1034 53.48837209302326
m 24 11
0 2 11
1 25 6
2 28 8
t 1033 53.48837209302326
m 23 11
0 3 11
1 26 6
2 29 8
t 1032 53.48837209302326
m 23 12
0 2 11
1 27 6
2 28 8
t 1031 53.48837209302326
m 23 13
0 1 11
1 26 6
2 28 9
t 1030 54.263565891472865
m 22 13
0 0 11
1 27 6
2 27 9
t 1029 54.263565891472865
m 21 13
0 1 11
1 28 6
2 28 9
t 1028 54.263565891472865
m 21 13
0 2 11
1 29 6
2 28 10
t 1027 54.263565891472865
m 20 13
0 1 11
1 30 6
2 28 11
t 1026 55.03875968992248
m 21 13
0 2 11
1 29 6
2 29 11
t 1025 55.03875968992248
m 21 12
0 3 11
1 30 6
2 28 11
t 1024 55.81395348837209
m 21 13
0 3 10
1 31 6
2 29 11
t 1023 55.81395348837209
m 21 12
0 3 9
1 30 6
2 28 11
t 1022 55.81395348837209
m 21 11
0 3 10
1 31 6
2 29 11
t 1021 55.81395348837209
m 21 10
0 3 11
1 30 6
2 30 11
t 1020 55.81395348837209
m 21 11
0 4 11
1 31 6
2 29 11
t 1019 55.81395348837209
m 21 12
0 5 11
1 31 7
2 30 11
t 1018 55.81395348837209
m 21 13
0 4 11
1 31 6
2 31 11
t 1017 55.81395348837209
m 21 13
0 3 11
1 31 7
2 30 11
t 1016 55.81395348837209
m 20 13
0 2 11
1 31 6
2 31 11
t 1015 55.81395348837209
m 20 13
0 2 12
1 30 6
2 30 11
t 1014 55.81395348837209
m 21 13
0 2 13
1 29 6
2 29 11
t 1013 55.81395348837209
m 21 13
0 3 13
1 30 6
2 30 11
t 1012 55.81395348837209
m 20 13
0 4 13
1 31 6
2 29 11
t 1011 55.81395348837209
m 20 13
0 3 13
1 30 6
2 28 11
t 1010 55.81395348837209
m 21 13
0 2 13
1 29 6
2 28 10
t 1009 55.81395348837209
m 22 13
0 2 14
1 30 6
2 28 11
t 1008 55.81395348837209
m 21 13
0 2 15
1 29 6
2 27 11
t 1007 55.81395348837209
m 21 13
0 3 15
1 28 6
2 26 11
t 1006 55.81395348837209
m 22 13
0 2 15
1 29 6
2 25 11
t 1005 55.81395348837209
m 22 13
0 1 15
1 30 6
2 26 11
t 1004 55.81395348837209
m 21 13
0 2 15
1 31 6
2 25 11
t 1003 55.81395348837209
m 21 12
0 2 14
1 30 6
2 26 11
t 1002 55.81395348837209
m 21 13
0 2 13
1 31 6
2 25 11
t 1001 55.81395348837209
m 21 12
0 3 13
1 31 7
2 24 11
t 1000 55.81395348837209
m 21 13
0 2 13
1 31 6
2 25 11
t 999 55.81395348837209
m 21 12
0 2 14
1 31 7
2 24 11
t 998 55.81395348837209
m 21 12
0 2 15
1 31 6
2 25 11
t 997 55.81395348837209
m 21 13
0 3 15
1 30 6
2 24 11
t 996 55.81395348837209
m 22 13
0 4 15
1 31 6
2 23 11
t 995 55.81395348837209
m 21 13
0 3 15
1 31 7
2 24 11
t 994 55.81395348837209
m 20 13
0 4 15
1 31 6
2 25 11
t 993 55.81395348837209
m 20 13
0 5 15
1 30 6
2 24 11
t 992 55.81395348837209
m 21 13
0 4 15
1 29 6
2 25 11
t 991 55.81395348837209
m 20 13
0 5 15
1 29 5
2 26 11
t 990 55.81395348837209
m 20 13
0 6 15
1 29 6
2 25 11
t 989 55.81395348837209
m 19 13
0 5 15
1 28 6
2 26 11
t 988 55.81395348837209
m 18 13
0 4 15
1 27 6
2 27 11
t 987 55.81395348837209
m 18 13
0 5 15
1 26 6
2 28 11
t 986 55.81395348837209
m 18 14
0 4 15
1 25 6
2 28 10
t 985 55.81395348837209
m 18 14
0 3 15
1 25 7
2 28 9
t 984 55.81395348837209
m 18 15
0 4 15
1 25 6
2 27 9
t 983 56.58914728682171
m 18 14
0 5 15
1 25 5
2 28 9
t 982 56.58914728682171
m 17 14
0 4 15
1 25 4
2 28 10
t 981 56.58914728682171
m 18 14
0 3 15
1 25 5
2 28 11
t 980 56.58914728682171
m 17 14
0 2 15
1 25 4
2 28 10
t 979 56.58914728682171
m 17 14
0 1 15
1 25 5
2 28 11
t 978 56.58914728682171
m 16 14
0 2 15
1 24 5
2 28 10
t 977 57.36434108527132
m 17 14
0 2 14
1 23 5
2 28 11
t 976 57.36434108527132
m 17 14
0 2 15
1 24 5
2 29 11
t 975 57.36434108527132
m 18 14
0 2 16
1 25 5
2 28 11
t 974 57.36434108527132
m 18 15
0 2 17
1 24 5
2 29 11
t 973 57.36434108527132
m 18 14
0 2 16
1 23 5
2 28 11
t 972 57.36434108527132
m 18 13
0 2 15
1 24 5
2 27 11
t 971 57.36434108527132
m 18 13
0 3 15
1 23 5
2 26 11
t 970 57.36434108527132
m 18 14
0 2 15
1 22 5
2 27 11
t 969 57.36434108527132
m 18 13
0 2 14
1 23 5
2 26 11
t 968 57.36434108527132
m 19 13
0 2 13
1 22 5
2 25 11
t 967 57.36434108527132
m 20 13
0 2 14
1 23 5
2 26 11
t 966 57.36434108527132
m 20 13
0 2 13
1 24 5
2 25 11
t 965 57.36434108527132
m 21 13
0 2 12
1 23 5
2 24 11
t 964 57.36434108527132
m 21 12
0 2 13
1 22 5
2 25 11
t 963 57.36434108527132
m 21 11
0 2 12
1 23 5
2 26 11
t 962 57.36434108527132
m 21 12
0 2 11
1 24 5
2 25 11
t 961 57.36434108527132
m 21 13
0 3 11
1 23 5
2 24 11
t 960 57.36434108527132
m 20 13
0 4 11
1 22 5
2 25 11
t 959 57.36434108527132
m 20 13
0 3 11
1 23 5
2 24 11
t 958 57.36434108527132
m 20 13
0 3 10
1 24 5
2 23 11
t 957 57.36434108527132
m 21 13
0 3 11
1 25 5
2 24 11
t 956 57.36434108527132
m 22 13
0 2 11
1 25 4
2 25 11
t 955 57.36434108527132
m 21 13
0 3 11
1 25 5
2 26 11
t 954 57.36434108527132
m 21 13
0 2 11
1 25 4
2 25 11
t 953 57.36434108527132
m 21 13
0 1 11
1 25 5
2 24 11
t 952 57.36434108527132
m 21 12
0 2 11
1 25 6
2 23 11
t 951 57.36434108527132
m 21 13
0 1 11
1 26 6
2 23 10
t 950 57.36434108527132
m 21 13
0 0 11
1 27 6
2 23 11
t 949 57.36434108527132
m 20 13
0 1 11
1 28 6
2 24 11
t 948 57.36434108527132
m 21 13
0 2 11
1 29 6
2 25 11
t 947 57.36434108527132
m 20 13
0 1 11
1 28 6
2 24 11
t 946 57.36434108527132
m 21 13
0 0 11
1 29 6
2 25 11
t 945 57.36434108527132
m 20 13
0 1 11
1 30 6
2 24 11
t 944 57.36434108527132
m 21 13
0 0 11
1 29 6
2 25 11
t 943 57.36434108527132
m 20 13
0 1 11
1 30 6
2 26 11
t 942 57.36434108527132
m 21 13
0 0 11
1 31 6
2 27 11
t 941 57.36434108527132
m 21 13
0 0 12
1 31 7
2 28 11
t 940 57.36434108527132
m 21 12
0 0 13
1 31 8
2 27 11
t 939 57.36434108527132
m 21 13
0 0 12
1 30 8
2 26 11
t 938 57.36434108527132
m 21 13
0 0 11
1 29 8
2 27 11
t 937 57.36434108527132
m 21 13
0 0 12
1 28 8
2 28 11
t 936 57.36434108527132
m 20 13
0 0 11
1 29 8
2 29 11
t 935 57.36434108527132
m 21 13
0 0 12
1 30 8
2 28 11
t 934 57.36434108527132
m 21 12
0 0 11
1 31 8
2 27 11
t 933 57.36434108527132
m 21 13
0 1 11
1 32 8
2 28 11
t 932 57.36434108527132
m 22 13
0 0 11
1 31 8
2 28 10
t 931 57.36434108527132
m 21 13
0 1 11
1 31 9
2 28 11
t 930 57.36434108527132
m 22 13
0 2 11
1 31 10
2 29 11
t 929 57.36434108527132
m 23 13
0 2 12
1 31 11
2 28 11
t 928 57.36434108527132
m 22 13
0 2 11
1 32 11
2 28 10
t 927 57.36434108527132
m 21 13
0 2 12
1 32 12
2 28 11
t 926 57.36434108527132
m 21 13
0 2 11
1 32 13
2 29 11
t 925 57.36434108527132
m 21 13
0 3 11
1 31 13
2 30 11
t 924 57.36434108527132
m 20 13
0 4 11
1 30 13
2 31 11
t 923 57.36434108527132
m 21 13
0 3 11
1 29 13
2 32 11
t 922 57.36434108527132
m 21 12
0 2 11
1 28 13
2 33 11
t 921 57.36434108527132
m 21 13
0 1 11
1 29 13
2 32 11
t 920 57.36434108527132
m 21 13
0 0 11
1 28 13
2 32 12
t 919 57.36434108527132
m 21 13
0 1 11
1 29 13
2 32 11
t 918 57.36434108527132
m 21 13
0 2 11
1 28 13
2 33 11
t 917 57.36434108527132
m 21 12
0 2 12
1 27 13
2 34 11
t 916 57.36434108527132
m 21 13
0 2 11
1 28 13
2 33 11
t 915 57.36434108527132
m 21 13
0 1 11
1 27 13
2 34 11
t 914 57.36434108527132
m 21 13
0 0 11
1 28 13
2 34 12
t 913 57.36434108527132
m 20 13
0 0 12
1 27 13
2 34 13
t 912 57.36434108527132
m 20 13
0 0 11
1 26 13
2 34 14
t 911 57.36434108527132
m 20 13
0 0 12
1 27 13
2 34 15
t 910 57.36434108527132
m 20 13
0 0 13
1 28 13
2 33 15
t 909 57.36434108527132
m 21 13
0 0 14
1 29 13
2 34 15
t 908 57.36434108527132
m 21 13
0 0 13
1 28 13
2 34 14
t 907 57.36434108527132
m 20 13
0 0 12
1 27 13
2 34 15
t 906 57.36434108527132
m 19 13
0 0 13
1 28 13
2 34 16
t 905 57.36434108527132
m 20 13
0 0 12
1 29 13
2 34 17
t 904 57.36434108527132
m 20 13
0 0 13
1 30 13
2 34 18
t 903 57.36434108527132
m 19 13
0 0 12
1 31 13
2 34 19
t 902 57.36434108527132
m 18 13
0 0 11
1 30 13
2 33 19
t 901 57.36434108527132
m 18 14
0 0 12
1 29 13
2 34 19
t 900 57.36434108527132
m 18 15
0 0 11
1 28 13
2 34 18
t 899 57.36434108527132
m 18 16
0 1 11
1 27 13
2 34 19
t 898 57.36434108527132
m 18 16
0 2 11
1 28 13
2 34 18
t 897 57.36434108527132
m 18 17
0 2 12
1 27 13
2 34 17
t 896 57.36434108527132
m 18 17
0 2 13
1 26 13
2 34 16
t 895 57.36434108527132
m 18 17
0 3 13
1 25 13
2 34 17
t 894 57.36434108527132
m 18 17
0 2 13
1 24 13
2 34 18
t 893 57.36434108527132
m 18 17
0 2 14
1 23 13
2 34 17
t 892 57.36434108527132
m 18 17
0 2 13
1 22 13
2 34 16
t 891 57.36434108527132
m 19 17
0 2 14
1 21 13
2 34 17
t 890 58.13953488372093
m 19 17
0 2 13
1 22 13
2 34 18
t 889 58.13953488372093
m 19 17
0 3 13
1 21 13
2 34 19
t 888 58.13953488372093
m 18 17
0 4 13
1 22 13
2 33 19
t 887 58.13953488372093
m 18 18
0 3 13
1 21 13
2 34 19
t 886 58.91472868217054
m 18 19
0 4 13
1 22 13
2 34 18
t 885 58.91472868217054
m 19 19
0 5 13
1 23 13
2 34 17
t 884 58.91472868217054
m 19 19
0 6 13
1 22 13
2 34 16
t 883 58.91472868217054
m 19 19
0 7 13
1 21 13
2 34 15
t 882 58.91472868217054
m 20 19
0 6 13
1 21 12
2 33 15
t 881 59.689922480620154
m 21 19
0 5 13
1 21 13
2 34 15
t 880 59.689922480620154
m 22 19
0 4 13
1 22 13
2 33 15
t 879 59.689922480620154
m 23 19
0 5 13
1 23 13
2 32 15
t 878 60.46511627906977
m 22 19
0 4 13
1 22 13
2 33 15
t 877 60.46511627906977
m 22 19
0 3 13
1 23 13
2 34 15
t 876 60.46511627906977
m 21 19
0 2 13
1 24 13
2 33 15
t 875 60.46511627906977
m 20 19
0 2 14
1 23 13
2 34 15
t 874 60.46511627906977
m 21 19
0 2 15
1 23 12
2 34 14
t 873 60.46511627906977
m 22 19
0 2 16
1 23 11
2 34 15
t 872 60.46511627906977
m 22 19
0 2 17
1 23 12
2 33 15
t 871 60.46511627906977
m 22 19
0 3 17
1 23 11
2 32 15
t 870 60.46511627906977
m 22 19
0 2 17
1 24 11
2 33 15
t 869 60.46511627906977
m 22 19
0 3 17
1 23 11
2 34 15
t 868 60.46511627906977
m 21 19
0 2 17
1 24 11
2 34 16
t 867 60.46511627906977
m 22 19
0 3 17
1 23 11
2 34 15
t 866 60.46511627906977
m 22 19
0 4 17
1 23 10
2 33 15
t 865 60.46511627906977
m 21 19
0 5 17
1 23 11
2 32 15
t 864 60.46511627906977
m 22 19
0 4 17
1 24 11
2 31 15
t 863 60.46511627906977
m 22 19
0 3 17
1 25 11
2 32 15
t 862 60.46511627906977
m 23 19
0 4 17
1 26 11
2 32 14
t 861 60.46511627906977
m 22 19
0 3 17
1 25 11
2 32 13
t 860 60.46511627906977
m 22 19
0 4 17
1 24 11
2 31 13
t 859 60.46511627906977
m 22 19
0 5 17
1 25 11
2 32 13
t 858 60.46511627906977
m 23 19
0 6 17
1 24 11
2 32 14
t 857 60.46511627906977
m 22 19
0 5 17
1 25 11
2 32 13
t 856 60.46511627906977
m 21 19
0 6 17
1 24 11
2 32 14
t 855 60.46511627906977
m 22 19
0 7 17
1 25 11
2 32 15
t 854 60.46511627906977
m 23 19
0 8 17
1 26 11
2 32 16
t 853 60.46511627906977
m 23 19
0 7 17
1 27 11
2 32 17
t 852 60.46511627906977
m 24 19
0 6 17
1 28 11
2 31 17
t 851 60.46511627906977
m 25 19
0 5 17
1 29 11
2 32 17
t 850 60.46511627906977
m 26 19
0 4 17
1 30 11
2 31 17
t 849 61.24031007751938
m 25 19
0 5 17
1 29 11
2 30 17
t 848 61.24031007751938
m 25 19
0 4 17
1 30 11
2 31 17
t 847 61.24031007751938
m 25 19
0 5 17
1 31 11
2 30 17
t 846 61.24031007751938
m 25 19
0 6 17
1 31 10
2 31 17
t 845 61.24031007751938
m 26 19
0 7 17
1 31 11
2 30 17
t 844 61.24031007751938
m 27 19
0 7 18
1 31 10
2 31 17
t 843 61.24031007751938
m 28 19
0 7 19
1 31 9
2 32 17
t 842 61.24031007751938
m 28 19
0 8 19
1 31 8
2 31 17
t 841 61.24031007751938
m 28 19
0 9 19
1 30 8
2 32 17
t 840 61.24031007751938
m 27 19
0 10 19
1 31 8
2 31 17
t 839 61.24031007751938
m 27 19
0 9 19
1 30 8
2 32 17
t 838 61.24031007751938
m 27 19
0 10 19
1 29 8
2 31 17
t 837 61.24031007751938
m 27 19
0 9 19
1 28 8
2 32 17
t 836 61.24031007751938
m 27 18
0 8 19
1 28 9
2 32 16
t 835 62.01550387596899
m 27 18
0 9 19
1 28 10
2 32 17
t 834 62.01550387596899
m 27 18
0 10 19
1 28 11
2 31 17
t 833 62.01550387596899
m 27 19
0 9 19
1 28 10
2 32 17
t 832 62.01550387596899
m 27 18
0 10 19
1 28 11
2 32 16
t 831 62.01550387596899
m 27 18
0 11 19
1 27 11
2 32 17
t 830 62.01550387596899
m 27 17
0 12 19
1 28 11
2 31 17
t 829 62.01550387596899
m 26 17
0 13 19
1 29 11
2 30 17
t 828 62.01550387596899
m 25 17
0 14 19
1 30 11
2 29 17
t 827 62.7906976744186
m 26 17
0 13 19
1 31 11
2 28 17
t 826 62.7906976744186
m 25 17
0 12 19
1 30 11
2 29 17
t 825 62.7906976744186
m 26 17
0 11 19
1 29 11
2 28 17
t 824 62.7906976744186
0 12 19
1 28 11
2 27 17
t 823 62.7906976744186
